124.9900342537640512 125.0101599877843483 0.0100628670101486 125.0000228881835938
124.9804000854492188 3.9000914096832275
124.9812011718750000 3.5853176116943359
124.9820022583007812 3.2840628623962402
124.9828033447265625 2.9962923526763916
124.9835968017578125 2.7219688892364502
124.9843978881835938 2.4610555171966553
124.9851989746093750 2.2135155200958252
124.9860000610351562 1.9793121814727783
124.9868011474609375 1.7584080696105957
124.9876022338867188 1.5507661104202271
124.9884033203125000 1.3563489913940430
124.9891967773437500 1.1751194000244141
124.9899978637695312 1.0070395469665527
124.9907989501953125 0.8520715236663818
124.9916000366210938 0.7101779580116272
124.9924011230468750 0.5813205838203430
124.9932022094726562 0.4654613137245178
124.9940032958984375 0.3625619709491730
124.9947967529296875 0.2725838422775269
124.9955978393554688 0.1955755949020386
124.9963989257812500 0.1312953680753708
124.9972000122070312 0.0798267051577568
124.9980010986328125 0.0411305055022240
124.9988021850585938 0.0151675604283810
124.9996032714843750 0.0018985312199220
125.0000228881835938 0.0000000000000000
125.0003967285156250 0.0013418801827356
125.0011978149414062 0.0132847884669900
125.0019989013671875 0.0378634557127953
125.0027999877929688 0.0749845728278160
125.0036010742187500 0.1246147900819778
125.0044021606445312 0.1867228895425797
125.0052032470703125 0.2611706256866455
125.0059967041015625 0.3481135964393616
125.0067977905273438 0.4474483132362366
125.0075988769531250 0.5591518878936768
125.0083999633789062 0.6832034587860107
125.0092010498046875 0.8195841908454895
125.0100021362304688 0.9682772755622864
125.0108032226562500 1.1292680501937866
125.0115966796875000 1.3025436401367188
125.0123977661132812 1.4880936145782471
125.0131988525390625 1.6859091520309448
125.0139999389648438 1.8959838151931763
125.0148010253906250 2.1183128356933594
125.0156021118164062 2.3528938293457031
125.0164031982421875 2.5997264385223389
125.0171966552734375 2.8588149547576904
125.0179977416992188 3.1301572322845459
125.0187988281250000 3.4137616157531738
125.0195999145507812 3.7096357345581055
