124.9900413920370568 125.0101532135427504 0.0100559107528468 125.0000228881835938
124.9804000854492188 3.9057643413543701
124.9812011718750000 3.5905101299285889
124.9820022583007812 3.2887971401214600
124.9828033447265625 3.0005927085876465
124.9835968017578125 2.7258584499359131
124.9843978881835938 2.4645550251007080
124.9851989746093750 2.2166483402252197
124.9860000610351562 1.9821002483367920
124.9868011474609375 1.7608731985092163
124.9876022338867188 1.5529301166534424
124.9884033203125000 1.3582333326339722
124.9891967773437500 1.1767451763153076
124.9899978637695312 1.0084276199340820
124.9907989501953125 0.8533272147178650
124.9916000366210938 0.7112307548522949
124.9924011230468750 0.5821917653083801
124.9932022094726562 0.4661688804626465
124.9940032958984375 0.3630838990211487
124.9947967529296875 0.2729730904102325
124.9955978393554688 0.1957653909921646
124.9963989257812500 0.1314216852188110
124.9972000122070312 0.0799026638269424
124.9980010986328125 0.0412646867334843
124.9988021850585938 0.0152163030579686
124.9996032714843750 0.0019046016968787
125.0000228881835938 0.0000000000000000
125.0003967285156250 0.0012891056248918
125.0011978149414062 0.0133296949788928
125.0019989013671875 0.0379879027605057
125.0027999877929688 0.0750609338283539
125.0036010742187500 0.1247398182749748
125.0044021606445312 0.1869082748889923
125.0052032470703125 0.2615370154380798
125.0059967041015625 0.3485987782478333
125.0067977905273438 0.4480684697628021
125.0075988769531250 0.5599230527877808
125.0083999633789062 0.6841416954994202
125.0092010498046875 0.8207055330276489
125.0100021362304688 0.9695979952812195
125.0108032226562500 1.1308044195175171
125.0115966796875000 1.3043123483657837
125.0123977661132812 1.4901114702224731
125.0131988525390625 1.6880871057510376
125.0139999389648438 1.8984264135360718
125.0148010253906250 2.1210346221923828
125.0156021118164062 2.3559091091156006
125.0164031982421875 2.6030499935150146
125.0171966552734375 2.8624567985534668
125.0179977416992188 3.1341345310211182
125.0187988281250000 3.4180886745452881
125.0195999145507812 3.7143254280090332
