124.9940297340620390 125.0060936799269626 0.0060319729324618 125.0000457763671875
124.9804000854492188 10.7151918411254883
124.9812011718750000 9.8555955886840820
124.9820022583007812 9.0326023101806641
124.9828033447265625 8.2461223602294922
124.9835968017578125 7.4960651397705078
124.9843978881835938 6.7823410034179688
124.9851989746093750 6.1047968864440918
124.9860000610351562 5.4632415771484375
124.9868011474609375 4.8575859069824219
124.9876022338867188 4.2877435684204102
124.9884033203125000 3.7536256313323975
124.9891967773437500 3.2552282810211182
124.9899978637695312 2.7922785282135010
124.9907989501953125 2.3647849559783936
124.9916000366210938 1.9726555347442627
124.9924011230468750 1.6157982349395752
124.9932022094726562 1.2941799163818359
124.9940032958984375 1.0083304643630981
124.9947967529296875 0.7583181858062744
124.9955978393554688 0.5440469384193420
124.9963989257812500 0.3654196858406067
124.9972000122070312 0.2223384827375412
124.9980010986328125 0.1147849336266518
124.9988021850585938 0.0424484647810459
124.9996032714843750 0.0053853858262300
125.0000457763671875 0.0000000000000000
125.0003967285156250 0.0034948706161231
125.0011978149414062 0.0366765819489956
125.0019989013671875 0.1048343405127525
125.0027999877929688 0.2077253758907318
125.0036010742187500 0.3454686105251312
125.0044021606445312 0.5179069638252258
125.0052032470703125 0.7249660491943359
125.0059967041015625 0.9665767550468445
125.0067977905273438 1.2426755428314209
125.0075988769531250 1.5532042980194092
125.0083999633789062 1.8981102705001831
125.0092010498046875 2.2773458957672119
125.0100021362304688 2.6908695697784424
125.0108032226562500 3.1386444568634033
125.0115966796875000 3.6206393241882324
125.0123977661132812 4.1368288993835449
125.0131988525390625 4.6871051788330078
125.0139999389648438 5.2716178894042969
125.0148010253906250 5.8902802467346191
125.0156021118164062 6.5430870056152344
125.0164031982421875 7.2300405502319336
125.0171966552734375 7.9511470794677734
125.0179977416992188 8.7064189910888672
125.0187988281250000 9.4958724975585938
125.0195999145507812 10.3195323944091797
