124.9940859619853200 125.0060473426336074 0.0059806903241437 125.0000457763671875
124.9804000854492188 10.9173583984375000
124.9812011718750000 10.0409097671508789
124.9820022583007812 9.2019128799438477
124.9828033447265625 8.4001913070678711
124.9835968017578125 7.6355905532836914
124.9843978881835938 6.9080080986022949
124.9851989746093750 6.2173399925231934
124.9860000610351562 5.5634822845458984
124.9868011474609375 4.9463300704956055
124.9876022338867188 4.3657770156860352
124.9884033203125000 3.8217182159423828
124.9891967773437500 3.3140466213226318
124.9899978637695312 2.8426549434661865
124.9907989501953125 2.4074356555938721
124.9916000366210938 2.0082805156707764
124.9924011230468750 1.6450806856155396
124.9932022094726562 1.3177269697189331
124.9940032958984375 1.0265293121337891
124.9947967529296875 0.7718920111656189
124.9955978393554688 0.5537027716636658
124.9963989257812500 0.3718475699424744
124.9972000122070312 0.2262119203805923
124.9980010986328125 0.1166808083653450
124.9988021850585938 0.0431387014687061
124.9996032714843750 0.0054695722647011
125.0000457763671875 0.0000000000000000
125.0003967285156250 0.0035569146275520
125.0011978149414062 0.0372849404811859
125.0019989013671875 0.1065423265099525
125.0027999877929688 0.2112234830856323
125.0036010742187500 0.3512285351753235
125.0044021606445312 0.5264633297920227
125.0052032470703125 0.7368394732475281
125.0059967041015625 0.9822742342948914
125.0067977905273438 1.2626905441284180
125.0075988769531250 1.5780168771743774
125.0083999633789062 1.9281878471374512
125.0092010498046875 2.3131432533264160
125.0100021362304688 2.7328283786773682
125.0108032226562500 3.1871950626373291
125.0115966796875000 3.6761996746063232
125.0123977661132812 4.1998047828674316
125.0131988525390625 4.7579789161682129
125.0139999389648438 5.3506951332092285
125.0148010253906250 5.9779329299926758
125.0156021118164062 6.6396775245666504
125.0164031982421875 7.3359189033508301
125.0171966552734375 8.0666532516479492
125.0179977416992188 8.8318834304809570
125.0187988281250000 9.6316146850585938
125.0195999145507812 10.4658603668212891
