124.9940859605962373 125.0060473487029213 0.0059806940533420 125.0000457763671875
124.9804000854492188 10.9172821044921875
124.9812011718750000 10.0408439636230469
124.9820022583007812 9.2018575668334961
124.9828033447265625 8.4001464843750000
124.9835968017578125 7.6355552673339844
124.9843978881835938 6.9079804420471191
124.9851989746093750 6.2173190116882324
124.9860000610351562 5.5634665489196777
124.9868011474609375 4.9463176727294922
124.9876022338867188 4.3657684326171875
124.9884033203125000 3.8217120170593262
124.9891967773437500 3.3140420913696289
124.9899978637695312 2.8426518440246582
124.9907989501953125 2.4074332714080811
124.9916000366210938 2.0082788467407227
124.9924011230468750 1.6450793743133545
124.9932022094726562 1.3177257776260376
124.9940032958984375 1.0265288352966309
124.9947967529296875 0.7718918323516846
124.9955978393554688 0.5537027120590210
124.9963989257812500 0.3718475997447968
124.9972000122070312 0.2262119501829147
124.9980010986328125 0.1166808158159256
124.9988021850585938 0.0431386902928352
124.9996032714843750 0.0054695624858141
125.0000457763671875 0.0000000000000000
125.0003967285156250 0.0035569269675761
125.0011978149414062 0.0372849851846695
125.0019989013671875 0.1065423935651779
125.0027999877929688 0.2112235128879547
125.0036010742187500 0.3512284159660339
125.0044021606445312 0.5264629125595093
125.0052032470703125 0.7368384003639221
125.0059967041015625 0.9822722077369690
125.0067977905273438 1.2626869678497314
125.0075988769531250 1.5780113935470581
125.0083999633789062 1.9281795024871826
125.0092010498046875 2.3131310939788818
125.0100021362304688 2.7328114509582520
125.0108032226562500 3.1871719360351562
125.0115966796875000 3.6761691570281982
125.0123977661132812 4.1997652053833008
125.0131988525390625 4.7579278945922852
125.0139999389648438 5.3506312370300293
125.0148010253906250 5.9778537750244141
125.0156021118164062 6.6395802497863770
125.0164031982421875 7.3358006477355957
125.0171966552734375 8.0665111541748047
125.0179977416992188 8.8317127227783203
125.0187988281250000 9.6313238143920898
125.0195999145507812 10.4655218124389648
